,state,year,all_occ_h_median,drivers_h_median
0,Alabama,2001,11.02,12.01
1,Alaska,2001,16.12,16.3
2,Arizona,2001,12.33,12.84
3,Arkansas,2001,10.47,12.28
4,California,2001,14.31,14.01
5,Colorado,2001,14.08,13.63
6,Connecticut,2001,15.92,13.95
7,Delaware,2001,13.85,13.18
8,District of Columbia,2001,19.94,11.9
9,Florida,2001,11.58,11.69
10,Georgia,2001,12.4,13.04
11,Hawaii,2001,13.18,12.46
12,Idaho,2001,11.88,12.53
13,Illinois,2001,13.48,15.37
14,Indiana,2001,12.32,14.54
15,Iowa,2001,11.68,13.15
16,Kansas,2001,12.1,13.0
17,Kentucky,2001,11.67,12.11
18,Louisiana,2001,11.07,10.94
19,Maine,2001,11.93,12.06
20,Maryland,2001,14.3,13.46
21,Massachusetts,2001,15.48,14.7
22,Michigan,2001,14.03,14.06
23,Minnesota,2001,14.04,14.5
24,Mississippi,2001,10.34,11.49
25,Missouri,2001,12.2,14.09
26,Montana,2001,10.74,12.19
27,Nebraska,2001,11.53,13.84
28,Nevada,2001,12.41,13.33
29,New Hampshire,2001,12.83,12.67
30,New Jersey,2001,15.16,14.68
31,New Mexico,2001,11.31,11.33
32,New York,2001,14.87,14.49
33,North Carolina,2001,12.06,13.1
34,North Dakota,2001,10.85,12.64
35,Ohio,2001,12.98,14.0
36,Oklahoma,2001,10.94,11.18
37,Oregon,2001,13.46,13.95
38,Pennsylvania,2001,12.94,13.51
39,Rhode Island,2001,13.4,13.27
40,South Carolina,2001,11.48,12.78
41,South Dakota,2001,10.7,12.39
42,Tennessee,2001,11.66,14.3
43,Texas,2001,12.07,12.11
44,Utah,2001,12.03,14.32
45,Vermont,2001,12.54,11.88
46,Virginia,2001,13.07,11.43
47,Washington,2001,15.12,15.12
48,West Virginia,2001,10.71,10.75
49,Wisconsin,2001,12.77,13.93
50,Wyoming,2001,11.75,12.39
51,Alabama,2002,11.37,12.16
52,Alaska,2002,16.44,16.39
53,Arizona,2002,12.58,13.2
54,Arkansas,2002,10.84,12.48
55,California,2002,14.68,14.45
56,Colorado,2002,14.46,14.14
57,Connecticut,2002,16.21,14.33
58,Delaware,2002,14.01,13.42
59,District of Columbia,2002,20.49,14.0
60,Florida,2002,11.8,12.02
61,Georgia,2002,12.68,12.98
62,Hawaii,2002,13.67,13.07
63,Idaho,2002,12.03,12.49
64,Illinois,2002,13.71,15.52
65,Indiana,2002,12.69,14.62
66,Iowa,2002,11.98,13.6
67,Kansas,2002,12.38,12.57
68,Kentucky,2002,11.93,12.38
69,Louisiana,2002,11.39,11.07
70,Maine,2002,12.33,12.21
71,Maryland,2002,14.78,13.86
72,Massachusetts,2002,15.94,14.9
73,Michigan,2002,14.23,14.55
74,Minnesota,2002,14.5,15.15
75,Mississippi,2002,10.61,11.69
76,Missouri,2002,12.5,14.21
77,Montana,2002,11.1,12.18
78,Nebraska,2002,11.9,14.55
79,Nevada,2002,12.66,14.19
80,New Hampshire,2002,13.28,13.28
81,New Jersey,2002,15.39,14.69
82,New Mexico,2002,11.58,11.62
83,New York,2002,15.32,15.01
84,North Carolina,2002,12.35,13.39
85,North Dakota,2002,11.12,13.17
86,Ohio,2002,13.36,14.43
87,Oklahoma,2002,11.24,11.47
88,Oregon,2002,13.73,14.1
89,Pennsylvania,2002,13.26,13.86
90,Rhode Island,2002,13.82,13.61
91,South Carolina,2002,11.79,13.02
92,South Dakota,2002,10.95,12.46
93,Tennessee,2002,11.91,14.29
94,Texas,2002,12.32,12.28
95,Utah,2002,12.23,13.92
96,Vermont,2002,12.82,12.18
97,Virginia,2002,13.3,11.77
98,Washington,2002,15.31,15.04
99,West Virginia,2002,11.04,10.92
100,Wisconsin,2002,13.06,14.23
101,Wyoming,2002,12.07,12.9
102,Alabama,2003,11.52,12.22
103,Alaska,2003,16.55,16.03
104,Arizona,2003,12.76,13.09
105,Arkansas,2003,10.99,12.89
106,California,2003,14.99,14.78
107,Colorado,2003,14.82,14.51
108,Connecticut,2003,16.51,14.59
109,Delaware,2003,14.28,13.68
110,District of Columbia,2003,20.89,14.23
111,Florida,2003,11.97,12.1
112,Georgia,2003,12.97,13.1
113,Hawaii,2003,13.78,13.2
114,Idaho,2003,12.15,12.73
115,Illinois,2003,14.08,15.65
116,Indiana,2003,12.88,14.61
117,Iowa,2003,12.22,13.59
118,Kansas,2003,12.55,12.97
119,Kentucky,2003,12.14,12.71
120,Louisiana,2003,11.50,10.93
121,Maine,2003,12.65,12.28
122,Maryland,2003,15.23,14.22
123,Massachusetts,2003,16.33,15.29
124,Michigan,2003,14.48,14.72
125,Minnesota,2003,14.86,15.06
126,Mississippi,2003,10.73,11.53
127,Missouri,2003,12.68,13.8
128,Montana,2003,11.31,12.8
129,Nebraska,2003,12.12,13.85
130,Nevada,2003,12.99,14.93
131,New Hampshire,2003,13.60,13.69
132,New Jersey,2003,15.60,15.04
133,New Mexico,2003,11.84,11.89
134,New York,2003,15.63,15.15
135,North Carolina,2003,12.57,13.41
136,North Dakota,2003,11.34,13.17
137,Ohio,2003,13.55,14.33
138,Oklahoma,2003,11.42,11.79
139,Oregon,2003,13.89,14.26
140,Pennsylvania,2003,13.40,13.83
141,Rhode Island,2003,14.21,13.88
142,South Carolina,2003,12.02,13.0
143,South Dakota,2003,10.99,12.34
144,Tennessee,2003,12.19,14.17
145,Texas,2003,12.50,12.37
146,Utah,2003,12.45,13.89
147,Vermont,2003,13.09,12.61
148,Virginia,2003,13.62,11.97
149,Washington,2003,15.66,15.46
150,West Virginia,2003,11.16,10.94
151,Wisconsin,2003,13.31,14.46
152,Wyoming,2003,12.33,13.14
153,Alabama,2004,11.76,12.4
154,Alaska,2004,16.84,16.19
155,Arizona,2004,13.13,13.21
156,Arkansas,2004,11.25,13.47
157,California,2004,15.36,14.9
158,Colorado,2004,15.26,14.76
159,Connecticut,2004,16.88,14.85
160,Delaware,2004,14.63,14.21
161,District of Columbia,2004,21.66,14.25
162,Florida,2004,12.36,12.08
163,Georgia,2004,13.29,13.64
164,Hawaii,2004,14.07,13.34
165,Idaho,2004,12.54,12.43
166,Illinois,2004,14.41,15.79
167,Indiana,2004,13.11,14.51
168,Iowa,2004,12.53,13.87
169,Kansas,2004,12.80,13.17
170,Kentucky,2004,12.49,13.04
171,Louisiana,2004,11.82,10.89
172,Maine,2004,12.98,12.61
173,Maryland,2004,15.59,14.17
174,Massachusetts,2004,17.00,15.78
175,Michigan,2004,14.91,14.9
176,Minnesota,2004,15.34,15.21
177,Mississippi,2004,10.97,11.91
178,Missouri,2004,12.85,14.59
179,Montana,2004,11.62,12.97
180,Nebraska,2004,12.57,13.85
181,Nevada,2004,13.13,15.6
182,New Hampshire,2004,14.00,14.03
183,New Jersey,2004,16.08,15.38
184,New Mexico,2004,12.20,12.5
185,New York,2004,16.03,15.61
186,North Carolina,2004,12.83,13.59
187,North Dakota,2004,11.77,13.5
188,Ohio,2004,13.83,14.39
189,Oklahoma,2004,11.72,12.11
190,Oregon,2004,14.22,14.5
191,Pennsylvania,2004,13.67,13.63
192,Rhode Island,2004,14.73,14.07
193,South Carolina,2004,12.23,12.96
194,South Dakota,2004,11.38,12.15
195,Tennessee,2004,12.51,13.47
196,Texas,2004,12.72,12.55
197,Utah,2004,12.69,14.34
198,Vermont,2004,13.43,13.32
199,Virginia,2004,14.15,12.54
200,Washington,2004,15.92,15.77
201,West Virginia,2004,11.39,10.92
202,Wisconsin,2004,13.72,14.67
203,Wyoming,2004,12.72,13.64
204,Alabama,2005,12.07,12.56
205,Alaska,2005,17.30,16.88
206,Arizona,2005,13.28,13.77
207,Arkansas,2005,11.53,13.57
208,California,2005,15.80,15.18
209,Colorado,2005,15.53,14.98
210,Connecticut,2005,17.30,15.39
211,Delaware,2005,14.95,14.08
212,District of Columbia,2005,22.88,15.45
213,Florida,2005,12.75,12.59
214,Georgia,2005,13.49,13.87
215,Hawaii,2005,14.39,13.63
216,Idaho,2005,12.84,13.02
217,Illinois,2005,14.78,15.89
218,Indiana,2005,13.30,15.17
219,Iowa,2005,12.84,13.79
220,Kansas,2005,12.99,13.19
221,Kentucky,2005,12.73,13.56
222,Louisiana,2005,12.01,11.05
223,Maine,2005,13.30,13.13
224,Maryland,2005,16.09,14.51
225,Massachusetts,2005,17.47,16.26
226,Michigan,2005,15.46,15.51
227,Minnesota,2005,15.74,15.63
228,Mississippi,2005,11.19,12.3
229,Missouri,2005,13.08,14.6
230,Montana,2005,11.86,13.12
231,Nebraska,2005,12.88,14.59
232,Nevada,2005,13.30,15.83
233,New Hampshire,2005,14.63,14.66
234,New Jersey,2005,16.68,15.57
235,New Mexico,2005,12.41,12.68
236,New York,2005,16.36,15.87
237,North Carolina,2005,13.06,13.91
238,North Dakota,2005,12.14,13.62
239,Ohio,2005,14.07,14.63
240,Oklahoma,2005,12.00,12.51
241,Oregon,2005,14.50,14.41
242,Pennsylvania,2005,13.85,13.77
243,Rhode Island,2005,15.07,14.25
244,South Carolina,2005,12.43,12.82
245,South Dakota,2005,11.52,12.57
246,Tennessee,2005,12.75,14.08
247,Texas,2005,12.88,13.09
248,Utah,2005,12.94,14.55
249,Vermont,2005,13.68,13.6
250,Virginia,2005,14.62,12.98
251,Washington,2005,16.30,16.18
252,West Virginia,2005,11.54,11.58
253,Wisconsin,2005,14.11,14.91
254,Wyoming,2005,13.12,14.27
255,Alabama,2006,12.49,13.06
256,Alaska,2006,17.70,17.24
257,Arizona,2006,13.77,14.31
258,Arkansas,2006,11.93,15.55
259,California,2006,16.37,15.66
260,Colorado,2006,15.82,15.33
261,Connecticut,2006,17.76,15.33
262,Delaware,2006,15.82,14.47
263,District of Columbia,2006,23.95,14.71
264,Florida,2006,13.31,13.01
265,Georgia,2006,13.78,14.1
266,Hawaii,2006,14.97,14.42
267,Idaho,2006,13.47,13.46
268,Illinois,2006,15.21,16.0
269,Indiana,2006,13.70,15.72
270,Iowa,2006,13.23,13.82
271,Kansas,2006,13.47,14.62
272,Kentucky,2006,13.11,14.0
273,Louisiana,2006,12.70,11.37
274,Maine,2006,13.76,13.74
275,Maryland,2006,16.74,15.11
276,Massachusetts,2006,17.96,16.53
277,Michigan,2006,15.86,15.88
278,Minnesota,2006,16.13,15.85
279,Mississippi,2006,11.68,13.05
280,Missouri,2006,13.44,15.02
281,Montana,2006,12.34,14.38
282,Nebraska,2006,13.31,15.41
283,Nevada,2006,13.82,16.05
284,New Hampshire,2006,15.11,14.87
285,New Jersey,2006,17.23,16.0
286,New Mexico,2006,12.85,12.72
287,New York,2006,16.91,16.09
288,North Carolina,2006,13.45,14.17
289,North Dakota,2006,12.77,14.25
290,Ohio,2006,14.47,15.28
291,Oklahoma,2006,12.42,12.58
292,Oregon,2006,14.92,14.84
293,Pennsylvania,2006,14.33,14.41
294,Rhode Island,2006,15.59,14.79
295,South Carolina,2006,12.85,12.81
296,South Dakota,2006,11.96,13.09
297,Tennessee,2006,13.12,14.67
298,Texas,2006,13.26,13.33
299,Utah,2006,13.46,14.87
300,Vermont,2006,14.19,13.78
301,Virginia,2006,15.20,13.37
302,Washington,2006,16.81,16.49
303,West Virginia,2006,11.91,11.53
304,Wisconsin,2006,14.49,15.29
305,Wyoming,2006,13.77,14.8
306,Alabama,2007,13.11,13.61
307,Alaska,2007,18.45,17.48
308,Arizona,2007,14.25,14.75
309,Arkansas,2007,12.44,15.71
310,California,2007,16.91,16.48
311,Colorado,2007,16.29,15.9
312,Connecticut,2007,18.34,15.87
313,Delaware,2007,16.19,15.0
314,District of Columbia,2007,25.19,16.25
315,Florida,2007,13.87,13.73
316,Georgia,2007,14.16,14.3
317,Hawaii,2007,15.54,15.7
318,Idaho,2007,13.79,14.01
319,Illinois,2007,15.80,16.72
320,Indiana,2007,14.13,15.83
321,Iowa,2007,13.68,15.2
322,Kansas,2007,13.97,14.29
323,Kentucky,2007,13.56,14.16
324,Louisiana,2007,13.21,12.06
325,Maine,2007,14.28,13.99
326,Maryland,2007,17.48,15.87
327,Massachusetts,2007,18.47,16.86
328,Michigan,2007,16.13,15.96
329,Minnesota,2007,16.57,16.07
330,Mississippi,2007,12.13,13.47
331,Missouri,2007,14.02,15.2
332,Montana,2007,12.82,13.29
333,Nebraska,2007,13.73,17.3
334,Nevada,2007,14.34,16.76
335,New Hampshire,2007,15.54,15.29
336,New Jersey,2007,17.77,16.75
337,New Mexico,2007,13.26,13.36
338,New York,2007,17.53,16.8
339,North Carolina,2007,13.92,14.76
340,North Dakota,2007,13.25,14.76
341,Ohio,2007,14.85,15.84
342,Oklahoma,2007,12.82,13.14
343,Oregon,2007,15.35,14.75
344,Pennsylvania,2007,14.83,15.0
345,Rhode Island,2007,16.03,15.67
346,South Carolina,2007,13.35,13.5
347,South Dakota,2007,12.37,13.76
348,Tennessee,2007,13.44,15.23
349,Texas,2007,13.76,13.87
350,Utah,2007,13.99,15.17
351,Vermont,2007,14.81,14.85
352,Virginia,2007,15.71,13.9
353,Washington,2007,17.39,16.88
354,West Virginia,2007,12.22,11.9
355,Wisconsin,2007,14.91,15.45
356,Wyoming,2007,14.66,15.78
357,Alabama,2008,13.53,13.95
358,Alaska,2008,18.84,18.14
359,Arizona,2008,14.87,15.32
360,Arkansas,2008,12.88,15.99
361,California,2008,17.52,17.18
362,Colorado,2008,16.87,16.7
363,Connecticut,2008,18.91,16.56
364,Delaware,2008,16.86,15.88
365,District of Columbia,2008,26.62,16.43
366,Florida,2008,14.33,14.23
367,Georgia,2008,14.74,15.19
368,Hawaii,2008,16.05,15.98
369,Idaho,2008,14.32,14.2
370,Illinois,2008,16.30,16.98
371,Indiana,2008,14.59,16.03
372,Iowa,2008,14.15,15.66
373,Kansas,2008,14.48,15.08
374,Kentucky,2008,14.12,14.6
375,Louisiana,2008,13.90,12.73
376,Maine,2008,14.78,14.31
377,Maryland,2008,18.17,16.62
378,Massachusetts,2008,19.09,17.08
379,Michigan,2008,16.22,16.01
380,Minnesota,2008,16.87,16.44
381,Mississippi,2008,12.68,13.84
382,Missouri,2008,14.52,15.5
383,Montana,2008,13.41,13.92
384,Nebraska,2008,14.08,18.15
385,Nevada,2008,14.91,17.62
386,New Hampshire,2008,16.01,15.35
387,New Jersey,2008,18.23,17.48
388,New Mexico,2008,13.76,13.9
389,New York,2008,18.15,17.7
390,North Carolina,2008,14.36,15.44
391,North Dakota,2008,13.81,15.6
392,Ohio,2008,15.25,16.28
393,Oklahoma,2008,13.28,13.59
394,Oregon,2008,15.73,16.35
395,Pennsylvania,2008,15.36,15.57
396,Rhode Island,2008,16.42,16.44
397,South Carolina,2008,13.85,13.65
398,South Dakota,2008,12.82,14.21
399,Tennessee,2008,13.94,15.26
400,Texas,2008,14.28,14.42
401,Utah,2008,14.48,15.39
402,Vermont,2008,15.31,15.43
403,Virginia,2008,16.26,14.64
404,Washington,2008,17.92,17.67
405,West Virginia,2008,12.62,12.14
406,Wisconsin,2008,15.29,16.0
407,Wyoming,2008,15.52,15.89
408,Alabama,2009,13.95,14.4
409,Alaska,2009,19.50,19.29
410,Arizona,2009,15.49,16.07
411,Arkansas,2009,13.18,14.5
412,California,2009,17.92,17.39
413,Colorado,2009,17.44,17.04
414,Connecticut,2009,19.29,16.47
415,Delaware,2009,17.16,16.12
416,District of Columbia,2009,27.79,17.04
417,Florida,2009,14.58,14.55
418,Georgia,2009,15.04,15.18
419,Hawaii,2009,16.61,16.61
420,Idaho,2009,14.44,14.28
421,Illinois,2009,16.74,16.87
422,Indiana,2009,14.72,16.42
423,Iowa,2009,14.40,16.2
424,Kansas,2009,14.64,15.17
425,Kentucky,2009,14.38,14.84
426,Louisiana,2009,14.16,13.13
427,Maine,2009,15.01,14.46
428,Maryland,2009,18.77,17.19
429,Massachusetts,2009,19.64,17.34
430,Michigan,2009,16.22,16.02
431,Minnesota,2009,17.14,16.76
432,Mississippi,2009,12.74,13.89
433,Missouri,2009,14.70,15.94
434,Montana,2009,13.65,14.46
435,Nebraska,2009,14.39,19.09
436,Nevada,2009,15.26,17.87
437,New Hampshire,2009,16.36,15.62
438,New Jersey,2009,18.56,17.55
439,New Mexico,2009,14.10,14.26
440,New York,2009,18.49,18.18
441,North Carolina,2009,14.70,15.53
442,North Dakota,2009,14.06,16.25
443,Ohio,2009,15.30,16.3
444,Oklahoma,2009,13.53,13.99
445,Oregon,2009,16.16,16.57
446,Pennsylvania,2009,15.87,16.05
447,Rhode Island,2009,16.80,16.45
448,South Carolina,2009,14.14,13.99
449,South Dakota,2009,13.06,14.7
450,Tennessee,2009,14.17,15.29
451,Texas,2009,14.83,14.88
452,Utah,2009,14.79,16.38
453,Vermont,2009,15.73,15.92
454,Virginia,2009,16.75,14.98
455,Washington,2009,18.37,18.1
456,West Virginia,2009,12.98,12.87
457,Wisconsin,2009,15.56,16.28
458,Wyoming,2009,16.20,16.2
459,Alabama,2010,14.21,14.57
460,Alaska,2010,20.02,19.89
461,Arizona,2010,15.89,16.59
462,Arkansas,2010,13.39,15.27
463,California,2010,18.21,17.43
464,Colorado,2010,17.68,16.9
465,Connecticut,2010,19.56,16.47
466,Delaware,2010,17.26,15.78
467,District of Columbia,2010,28.71,15.27
468,Florida,2010,14.71,14.69
469,Georgia,2010,15.2,15.06
470,Hawaii,2010,17.06,17.65
471,Idaho,2010,14.54,14.57
472,Illinois,2010,16.87,17.11
473,Indiana,2010,14.85,16.65
474,Iowa,2010,14.6,15.37
475,Kansas,2010,14.71,15.25
476,Kentucky,2010,14.47,15.18
477,Louisiana,2010,14.5,13.82
478,Maine,2010,15.28,14.73
479,Maryland,2010,19.11,17.43
480,Massachusetts,2010,20.13,17.49
481,Michigan,2010,16.26,16.13
482,Minnesota,2010,17.3,16.74
483,Mississippi,2010,12.83,13.85
484,Missouri,2010,14.78,15.74
485,Montana,2010,13.95,15.39
486,Nebraska,2010,14.57,17.67
487,Nevada,2010,15.47,18.21
488,New Hampshire,2010,16.7,15.62
489,New Jersey,2010,18.76,17.99
490,New Mexico,2010,14.45,14.53
491,New York,2010,18.69,17.98
492,North Carolina,2010,14.95,15.38
493,North Dakota,2010,14.5,16.68
494,Ohio,2010,15.45,16.31
495,Oklahoma,2010,13.89,14.48
496,Oregon,2010,16.58,16.8
497,Pennsylvania,2010,16.27,16.02
498,Rhode Island,2010,17.39,16.83
499,South Carolina,2010,14.33,14.22
500,South Dakota,2010,13.42,14.6
501,Tennessee,2010,14.38,15.26
502,Texas,2010,15.14,15.22
503,Utah,2010,15.04,16.14
504,Vermont,2010,15.97,15.96
505,Virginia,2010,17.18,15.36
506,Washington,2010,18.76,18.55
507,West Virginia,2010,13.19,12.9
508,Wisconsin,2010,15.78,16.18
509,Wyoming,2010,16.84,17.15
510,Alabama,2011,14.35,14.58
511,Alaska,2011,20.65,20.98
512,Arizona,2011,16.4,17.02
513,Arkansas,2011,13.68,15.62
514,California,2011,18.52,17.54
515,Colorado,2011,17.82,16.81
516,Connecticut,2011,19.87,16.37
517,Delaware,2011,17.4,15.78
518,District of Columbia,2011,29.41,18.35
519,Florida,2011,14.79,14.8
520,Georgia,2011,15.25,15.32
521,Hawaii,2011,17.44,17.71
522,Idaho,2011,14.51,14.97
523,Illinois,2011,16.95,17.53
524,Indiana,2011,15.04,16.79
525,Iowa,2011,14.99,16.08
526,Kansas,2011,14.82,15.53
527,Kentucky,2011,14.62,15.75
528,Louisiana,2011,14.77,14.37
529,Maine,2011,15.63,15.42
530,Maryland,2011,19.45,17.64
531,Massachusetts,2011,20.54,16.86
532,Michigan,2011,16.47,16.26
533,Minnesota,2011,17.54,16.86
534,Mississippi,2011,13.11,14.44
535,Missouri,2011,14.99,15.47
536,Montana,2011,14.13,15.66
537,Nebraska,2011,14.82,17.9
538,Nevada,2011,15.7,18.05
539,New Hampshire,2011,16.99,15.64
540,New Jersey,2011,19.01,18.16
541,New Mexico,2011,14.92,15.15
542,New York,2011,19.02,18.24
543,North Carolina,2011,15.16,15.37
544,North Dakota,2011,15.4,18.05
545,Ohio,2011,15.67,16.26
546,Oklahoma,2011,14.26,14.81
547,Oregon,2011,16.9,15.86
548,Pennsylvania,2011,16.71,16.44
549,Rhode Island,2011,17.72,16.77
550,South Carolina,2011,14.45,14.51
551,South Dakota,2011,13.78,15.11
552,Tennessee,2011,14.56,15.15
553,Texas,2011,15.44,15.36
554,Utah,2011,15.41,17.4
555,Vermont,2011,16.36,15.78
556,Virginia,2011,17.45,15.37
557,Washington,2011,19.3,18.6
558,West Virginia,2011,13.46,13.19
559,Wisconsin,2011,16.04,16.34
560,Wyoming,2011,17.37,18.45
561,Alabama,2012,14.4,14.45
562,Alaska,2012,20.92,21.01
563,Arizona,2012,16.34,17.11
564,Arkansas,2012,13.79,15.01
565,California,2012,18.64,17.58
566,Colorado,2012,17.84,17.12
567,Connecticut,2012,20.2,17.33
568,Delaware,2012,17.65,16.57
569,District of Columbia,2012,29.79,17.47
570,Florida,2012,14.72,14.83
571,Georgia,2012,15.48,15.39
572,Hawaii,2012,17.47,18.0
573,Idaho,2012,14.58,15.49
574,Illinois,2012,17.06,17.98
575,Indiana,2012,15.26,16.66
576,Iowa,2012,15.33,16.7
577,Kansas,2012,15.06,15.83
578,Kentucky,2012,14.78,15.88
579,Louisiana,2012,14.93,14.74
580,Maine,2012,15.84,15.57
581,Maryland,2012,19.52,17.86
582,Massachusetts,2012,20.88,17.34
583,Michigan,2012,16.52,16.11
584,Minnesota,2012,17.74,17.32
585,Mississippi,2012,13.37,14.56
586,Missouri,2012,15.21,16.0
587,Montana,2012,14.49,16.02
588,Nebraska,2012,15.01,16.48
589,Nevada,2012,15.87,18.09
590,New Hampshire,2012,17.18,15.51
591,New Jersey,2012,19.17,18.14
592,New Mexico,2012,15.11,15.43
593,New York,2012,19.19,18.61
594,North Carolina,2012,15.31,15.55
595,North Dakota,2012,16.4,19.29
596,Ohio,2012,16.03,16.31
597,Oklahoma,2012,14.52,15.34
598,Oregon,2012,17.14,17.07
599,Pennsylvania,2012,16.78,16.29
600,Rhode Island,2012,17.96,17.53
601,South Carolina,2012,14.52,14.57
602,South Dakota,2012,13.99,15.19
603,Tennessee,2012,14.59,15.58
604,Texas,2012,15.55,15.63
605,Utah,2012,15.75,17.21
606,Vermont,2012,16.61,16.04
607,Virginia,2012,17.61,15.47
608,Washington,2012,19.47,18.64
609,West Virginia,2012,13.73,13.72
610,Wisconsin,2012,16.18,16.44
611,Wyoming,2012,17.67,19.35
612,Alabama,2013,14.61,14.55
613,Alaska,2013,21.32,21.56
614,Arizona,2013,16.43,16.39
615,Arkansas,2013,13.9,14.73
616,California,2013,18.71,17.5
617,Colorado,2013,18.04,17.36
618,Connecticut,2013,20.33,17.4
619,Delaware,2013,17.94,16.82
620,District of Columbia,2013,30.62,18.1
621,Florida,2013,14.74,14.78
622,Georgia,2013,15.63,15.67
623,Hawaii,2013,17.75,18.05
624,Idaho,2013,14.68,15.25
625,Illinois,2013,17.18,17.94
626,Indiana,2013,15.38,16.49
627,Iowa,2013,15.57,17.62
628,Kansas,2013,15.44,15.93
629,Kentucky,2013,15.01,15.97
630,Louisiana,2013,15.03,14.73
631,Maine,2013,16.06,15.38
632,Maryland,2013,19.57,17.74
633,Massachusetts,2013,21.07,17.4
634,Michigan,2013,16.67,16.16
635,Minnesota,2013,17.98,17.61
636,Mississippi,2013,13.57,14.8
637,Missouri,2013,15.55,16.23
638,Montana,2013,14.79,16.52
639,Nebraska,2013,15.31,17.8
640,Nevada,2013,16.03,17.7
641,New Hampshire,2013,17.21,15.88
642,New Jersey,2013,19.35,18.37
643,New Mexico,2013,15.14,15.22
644,New York,2013,19.45,18.79
645,North Carolina,2013,15.46,15.75
646,North Dakota,2013,17.14,20.26
647,Ohio,2013,16.22,16.54
648,Oklahoma,2013,14.77,15.41
649,Oregon,2013,17.24,16.68
650,Pennsylvania,2013,16.98,16.75
651,Rhode Island,2013,18.03,17.86
652,South Carolina,2013,14.56,15.03
653,South Dakota,2013,14.14,15.53
654,Tennessee,2013,14.9,15.92
655,Texas,2013,15.81,15.76
656,Utah,2013,16,17.88
657,Vermont,2013,17.01,16.43
658,Virginia,2013,17.77,15.58
659,Washington,2013,19.67,18.59
660,West Virginia,2013,13.96,14.14
661,Wisconsin,2013,16.32,16.74
662,Wyoming,2013,17.79,19.43
663,Alabama,2014,14.83,15.23
664,Alaska,2014,21.73,21.28
665,Arizona,2014,16.46,16.17
666,Arkansas,2014,14.01,14.61
667,California,2014,18.84,17.85
668,Colorado,2014,18.28,18.06
669,Connecticut,2014,20.67,18.17
670,Delaware,2014,18.03,16.61
671,District of Columbia,2014,31.2,18.36
672,Florida,2014,14.93,15.14
673,Georgia,2014,15.79,15.7
674,Hawaii,2014,18.01,18.46
675,Idaho,2014,14.93,15.65
676,Illinois,2014,17.59,18.14
677,Indiana,2014,15.63,16.81
678,Iowa,2014,15.91,17.98
679,Kansas,2014,15.83,16.31
680,Kentucky,2014,15.3,16.46
681,Louisiana,2014,15.2,14.88
682,Maine,2014,16.29,15.89
683,Maryland,2014,19.63,17.84
684,Massachusetts,2014,21.48,18.42
685,Michigan,2014,16.7,16.26
686,Minnesota,2014,18.3,18.0
687,Mississippi,2014,13.76,15.1
688,Missouri,2014,15.76,16.69
689,Montana,2014,15.15,17.27
690,Nebraska,2014,15.66,18.34
691,Nevada,2014,16.13,18.24
692,New Hampshire,2014,17.51,16.38
693,New Jersey,2014,19.56,18.53
694,New Mexico,2014,15.29,15.23
695,New York,2014,19.65,18.98
696,North Carolina,2014,15.63,15.67
697,North Dakota,2014,17.75,21.22
698,Ohio,2014,16.47,17.25
699,Oklahoma,2014,15.17,15.98
700,Oregon,2014,17.5,17.17
701,Pennsylvania,2014,17.13,16.88
702,Rhode Island,2014,18.43,17.88
703,South Carolina,2014,14.74,15.73
704,South Dakota,2014,14.36,16.05
705,Tennessee,2014,15.02,16.22
706,Texas,2014,16.18,16.16
707,Utah,2014,16.2,17.95
708,Vermont,2014,17.39,17.15
709,Virginia,2014,18.05,16.82
710,Washington,2014,19.76,19.0
711,West Virginia,2014,14.14,14.67
712,Wisconsin,2014,16.52,16.91
713,Wyoming,2014,18.16,20.17
714,Alabama,2015,15.17,15.17
715,Alaska,2015,22.32,21.39
716,Arizona,2015,16.67,16.37
717,Arkansas,2015,14.14,15.56
718,California,2015,19.15,18.1
719,Colorado,2015,18.66,18.49
720,Connecticut,2015,21.07,18.37
721,Delaware,2015,18.15,16.81
722,District of Columbia,2015,31.75,18.28
723,Florida,2015,15.29,15.56
724,Georgia,2015,16.07,16.39
725,Hawaii,2015,18.63,18.55
726,Idaho,2015,15.32,16.11
727,Illinois,2015,17.94,18.21
728,Indiana,2015,15.82,16.85
729,Iowa,2015,16.18,17.69
730,Kansas,2015,16.2,16.17
731,Kentucky,2015,15.55,16.58
732,Louisiana,2015,15.38,15.13
733,Maine,2015,16.69,15.92
734,Maryland,2015,20.13,18.12
735,Massachusetts,2015,21.91,18.68
736,Michigan,2015,17.02,16.77
737,Minnesota,2015,18.69,17.4
738,Mississippi,2015,13.94,15.55
739,Missouri,2015,16.05,17.06
740,Montana,2015,15.37,17.54
741,Nebraska,2015,16.27,17.99
742,Nevada,2015,16.2,18.51
743,New Hampshire,2015,17.92,16.28
744,New Jersey,2015,19.86,18.88
745,New Mexico,2015,15.54,16.22
746,New York,2015,20,19.25
747,North Carolina,2015,15.91,16.14
748,North Dakota,2015,18.35,22.26
749,Ohio,2015,16.84,17.76
750,Oklahoma,2015,15.59,16.76
751,Oregon,2015,17.83,17.6
752,Pennsylvania,2015,17.38,17.3
753,Rhode Island,2015,18.77,18.0
754,South Carolina,2015,15.04,15.91
755,South Dakota,2015,14.8,16.27
756,Tennessee,2015,15.3,16.39
757,Texas,2015,16.61,16.63
758,Utah,2015,16.34,18.2
759,Vermont,2015,17.81,17.44
760,Virginia,2015,18.36,16.95
761,Washington,2015,20.28,19.33
762,West Virginia,2015,14.54,14.68
763,Wisconsin,2015,16.88,17.06
764,Wyoming,2015,18.41,20.44
765,Alabama,2016,15.43,15.0
766,Alaska,2016,22.68,21.96
767,Arizona,2016,17.05,17.07
768,Arkansas,2016,14.48,15.94
769,California,2016,19.67,18.53
770,Colorado,2016,19.09,19.07
771,Connecticut,2016,21.68,18.88
772,Delaware,2016,18.25,16.74
773,District of Columbia,2016,32.63,16.64
774,Florida,2016,15.77,15.97
775,Georgia,2016,16.51,16.92
776,Hawaii,2016,19.24,18.65
777,Idaho,2016,15.77,16.56
778,Illinois,2016,18.4,18.72
779,Indiana,2016,16.25,17.85
780,Iowa,2016,16.72,17.86
781,Kansas,2016,16.57,16.99
782,Kentucky,2016,15.96,17.17
783,Louisiana,2016,15.43,15.38
784,Maine,2016,17.01,16.43
785,Maryland,2016,20.68,18.57
786,Massachusetts,2016,22.45,19.18
787,Michigan,2016,17.32,17.27
788,Minnesota,2016,19.28,18.51
789,Mississippi,2016,14.22,15.76
790,Missouri,2016,16.46,17.5
791,Montana,2016,15.75,17.85
792,Nebraska,2016,16.77,18.11
793,Nevada,2016,16.59,19.28
794,New Hampshire,2016,18.4,16.77
795,New Jersey,2016,20.17,19.43
796,New Mexico,2016,15.82,16.3
797,New York,2016,20.56,19.79
798,North Carolina,2016,16.31,16.39
799,North Dakota,2016,18.83,22.64
800,Ohio,2016,17.19,18.0
801,Oklahoma,2016,15.93,16.86
802,Oregon,2016,18.26,18.61
803,Pennsylvania,2016,17.63,17.63
804,Rhode Island,2016,19.1,18.0
805,South Carolina,2016,15.45,15.78
806,South Dakota,2016,15.19,16.51
807,Tennessee,2016,15.77,17.18
808,Texas,2016,17.06,17.04
809,Utah,2016,16.83,18.63
810,Vermont,2016,18.23,17.52
811,Virginia,2016,18.78,17.11
812,Washington,2016,20.87,20.15
813,West Virginia,2016,14.79,14.87
814,Wisconsin,2016,17.43,17.68
815,Wyoming,2016,18.61,20.73
816,Alabama,2017,15.77,15.2
817,Alaska,2017,22.86,22.68
818,Arizona,2017,17.44,17.8
819,Arkansas,2017,14.82,16.26
820,California,2017,19.7,19.08
821,Colorado,2017,19.66,19.17
822,Connecticut,2017,22.05,19.37
823,Delaware,2017,18.68,17.87
824,District of Columbia,2017,33.82,17.48
825,Florida,2017,16.07,16.33
826,Georgia,2017,16.85,17.32
827,Hawaii,2017,20.02,19.49
828,Idaho,2017,15.99,17.06
829,Illinois,2017,18.69,19.73
830,Indiana,2017,16.63,18.17
831,Iowa,2017,17.27,18.27
832,Kansas,2017,16.9,17.55
833,Kentucky,2017,16.25,17.53
834,Louisiana,2017,15.62,15.9
835,Maine,2017,17.41,16.63
836,Maryland,2017,21.08,18.88
837,Massachusetts,2017,22.81,20.21
838,Michigan,2017,17.62,17.48
839,Minnesota,2017,19.84,19.35
840,Mississippi,2017,14.46,15.71
841,Missouri,2017,16.85,18.04
842,Montana,2017,16.27,17.8
843,Nebraska,2017,17.37,18.57
844,Nevada,2017,16.79,19.67
845,New Hampshire,2017,18.7,17.52
846,New Jersey,2017,20.43,19.87
847,New Mexico,2017,16.08,17.0
848,New York,2017,21,20.5
849,North Carolina,2017,16.71,16.94
850,North Dakota,2017,19.25,22.82
851,Ohio,2017,17.55,18.04
852,Oklahoma,2017,16.17,17.43
853,Oregon,2017,18.67,19.41
854,Pennsylvania,2017,18.05,17.93
855,Rhode Island,2017,19.45,18.18
856,South Carolina,2017,15.76,16.22
857,South Dakota,2017,15.55,16.8
858,Tennessee,2017,16.28,17.58
859,Texas,2017,17.39,17.59
860,Utah,2017,17.14,19.52
861,Vermont,2017,18.57,18.14
862,Virginia,2017,19.13,16.91
863,Washington,2017,21.36,20.58
864,West Virginia,2017,15.16,15.35
865,Wisconsin,2017,17.81,18.28
866,Wyoming,2017,18.81,21.03
867,Alabama,2018,16.22,15.36
868,Alaska,2018,23.09,23.83
869,Arizona,2018,17.8,18.41
870,Arkansas,2018,15.31,16.79
871,California,2018,20.4,20.16
872,Colorado,2018,20.34,19.55
873,Connecticut,2018,22.56,19.57
874,Delaware,2018,19.18,18.28
875,District of Columbia,2018,34.46,19.5
876,Florida,2018,16.62,16.66
877,Georgia,2018,17.28,17.6
878,Hawaii,2018,20.42,19.59
879,Idaho,2018,16.47,17.0
880,Illinois,2018,19.21,20.62
881,Indiana,2018,17.18,18.63
882,Iowa,2018,17.84,18.61
883,Kansas,2018,17.28,18.56
884,Kentucky,2018,16.66,18.31
885,Louisiana,2018,16.05,16.26
886,Maine,2018,17.85,16.99
887,Maryland,2018,21.49,19.34
888,Massachusetts,2018,23.4,20.79
889,Michigan,2018,18.08,17.98
890,Minnesota,2018,20.49,20.05
891,Mississippi,2018,14.7,15.99
892,Missouri,2018,17.33,18.47
893,Montana,2018,16.87,18.47
894,Nebraska,2018,17.85,19.76
895,Nevada,2018,17.09,20.38
896,New Hampshire,2018,19.17,18.41
897,New Jersey,2018,20.96,20.47
898,New Mexico,2018,16.4,17.3
899,New York,2018,21.63,20.96
900,North Carolina,2018,17.19,17.46
901,North Dakota,2018,19.87,23.46
902,Ohio,2018,17.96,18.12
903,Oklahoma,2018,16.62,17.77
904,Oregon,2018,19.03,20.02
905,Pennsylvania,2018,18.49,18.32
906,Rhode Island,2018,20.21,18.52
907,South Carolina,2018,16.23,17.01
908,South Dakota,2018,16.08,17.39
909,Tennessee,2018,16.78,18.43
910,Texas,2018,17.84,18.33
911,Utah,2018,17.69,19.69
912,Vermont,2018,19.1,18.54
913,Virginia,2018,19.63,17.29
914,Washington,2018,22.17,21.66
915,West Virginia,2018,15.69,15.76
916,Wisconsin,2018,18.25,19.2
917,Wyoming,2018,19.34,21.4
918,Alabama,2019,16.73,17.82
919,Alaska,2019,23.34,25.13
920,Arizona,2019,18.46,19.65
921,Arkansas,2019,15.84,18.44
922,California,2019,21.24,21.29
923,Colorado,2019,21.28,20.99
924,Connecticut,2019,23.33,20.54
925,Delaware,2019,19.66,19.8
926,District of Columbia,2019,35.74,21.38
927,Florida,2019,17.23,17.61
928,Georgia,2019,17.75,19.57
929,Hawaii,2019,21.35,20.26
930,Idaho,2019,17,18.73
931,Illinois,2019,19.74,21.75
932,Indiana,2019,17.77,19.89
933,Iowa,2019,18.41,18.79
934,Kansas,2019,17.79,20.09
935,Kentucky,2019,17.09,19.27
936,Louisiana,2019,16.66,17.16
937,Maine,2019,18.45,17.6
938,Maryland,2019,22.1,20.95
939,Massachusetts,2019,24.14,21.71
940,Michigan,2019,18.6,18.86
941,Minnesota,2019,21.21,21.56
942,Mississippi,2019,15,18.74
943,Missouri,2019,17.88,20.22
944,Montana,2019,17.51,20.15
945,Nebraska,2019,18.46,20.69
946,Nevada,2019,17.51,20.89
947,New Hampshire,2019,19.95,19.87
948,New Jersey,2019,21.64,21.24
949,New Mexico,2019,17.03,18.8
950,New York,2019,22.44,22.62
951,North Carolina,2019,17.75,18.81
952,North Dakota,2019,20.44,24.62
953,Ohio,2019,18.54,19.67
954,Oklahoma,2019,17.18,20.25
955,Oregon,2019,19.83,21.24
956,Pennsylvania,2019,18.99,19.96
957,Rhode Island,2019,21.24,19.49
958,South Carolina,2019,16.68,18.38
959,South Dakota,2019,16.71,18.68
960,Tennessee,2019,17.26,19.89
961,Texas,2019,18.28,19.9
962,Utah,2019,18.23,20.44
963,Vermont,2019,19.68,19.45
964,Virginia,2019,20.3,19.11
965,Washington,2019,23.15,23.02
966,West Virginia,2019,16.31,17.75
967,Wisconsin,2019,18.79,20.48
968,Wyoming,2019,20.02,22.45
969,Alabama,2020,17.43,18.39
970,Alaska,2020,24.45,26.35
971,Arizona,2020,19.35,20.81
972,Arkansas,2020,16.51,19.67
973,California,2020,22.74,22.41
974,Colorado,2020,22.52,22.13
975,Connecticut,2020,24.57,21.33
976,Delaware,2020,20.72,20.53
977,District of Columbia,2020,38.29,21.68
978,Florida,2020,18.07,18.0
979,Georgia,2020,18.59,20.58
980,Hawaii,2020,22.44,21.18
981,Idaho,2020,17.79,19.07
982,Illinois,2020,21.01,22.82
983,Indiana,2020,18.56,20.92
984,Iowa,2020,19.19,19.91
985,Kansas,2020,18.59,20.87
986,Kentucky,2020,17.9,20.34
987,Louisiana,2020,17.53,18.07
988,Maine,2020,19.45,18.73
989,Maryland,2020,23.43,21.76
990,Massachusetts,2020,25.75,22.38
991,Michigan,2020,19.67,20.38
992,Minnesota,2020,22.41,22.3
993,Mississippi,2020,15.73,19.41
994,Missouri,2020,18.7,20.88
995,Montana,2020,18.2,20.91
996,Nebraska,2020,19.16,21.4
997,Nevada,2020,18.55,21.31
998,New Hampshire,2020,21.22,21.02
999,New Jersey,2020,23.14,22.68
1000,New Mexico,2020,17.97,19.33
1001,New York,2020,23.84,23.58
1002,North Carolina,2020,18.63,19.52
1003,North Dakota,2020,21.26,24.55
1004,Ohio,2020,19.37,20.79
1005,Oklahoma,2020,17.84,21.27
1006,Oregon,2020,21.04,21.93
1007,Pennsylvania,2020,20.08,20.81
1008,Rhode Island,2020,22.77,21.53
1009,South Carolina,2020,17.36,18.55
1010,South Dakota,2020,17.7,19.46
1011,Tennessee,2020,18,20.9
1012,Texas,2020,19.06,20.81
1013,Utah,2020,18.98,20.88
1014,Vermont,2020,20.8,20.47
1015,Virginia,2020,21.74,20.66
1016,Washington,2020,24.81,24.14
1017,West Virginia,2020,17.07,18.41
1018,Wisconsin,2020,19.79,21.44
1019,Wyoming,2020,20.69,23.24
1020,Alabama,2021,17.91,18.14
1021,Alaska,2021,23.47,25.22
1022,Arizona,2021,18.99,20.77
1023,Arkansas,2021,17.64,19.9
1024,California,2021,23.04,22.45
1025,Colorado,2021,23.05,21.31
1026,Connecticut,2021,23.42,21.58
1027,Delaware,2021,22.45,20.81
1028,District of Columbia,2021,38.44,23.6
1029,Florida,2021,18.23,18.82
1030,Georgia,2021,18.43,19.29
1031,Hawaii,2021,22.93,21.73
1032,Idaho,2021,18.05,20.83
1033,Illinois,2021,22.42,22.63
1034,Indiana,2021,18.43,21.09
1035,Iowa,2021,18.79,21.43
1036,Kansas,2021,18.29,20.8
1037,Kentucky,2021,18.11,20.33
1038,Louisiana,2021,17.94,18.96
1039,Maine,2021,20.65,20.1
1040,Maryland,2021,23.3,21.69
1041,Massachusetts,2021,28.14,22.44
1042,Michigan,2021,21.73,20.96
1043,Minnesota,2021,22.88,22.27
1044,Mississippi,2021,16.86,19.79
1045,Missouri,2021,18.33,20.39
1046,Montana,2021,18.29,20.77
1047,Nebraska,2021,18.65,22.09
1048,Nevada,2021,18.22,20.82
1049,New Hampshire,2021,22.58,20.43
1050,New Jersey,2021,23.17,24.02
1051,New Mexico,2021,18.18,20.35
1052,New York,2021,23.46,22.93
1053,North Carolina,2021,18.45,19.74
1054,North Dakota,2021,22.58,22.68
1055,Ohio,2021,19.08,21.21
1056,Oklahoma,2021,18.03,20.24
1057,Oregon,2021,22.55,21.11
1058,Pennsylvania,2021,21.59,20.56
1059,Rhode Island,2021,22.97,21.0
1060,South Carolina,2021,17.91,19.65
1061,South Dakota,2021,18.13,20.29
1062,Tennessee,2021,18.13,20.63
1063,Texas,2021,18.77,20.6
1064,Utah,2021,18.69,21.09
1065,Vermont,2021,22.55,20.78
1066,Virginia,2021,22.69,20.22
1067,Washington,2021,24.25,24.64
1068,West Virginia,2021,17.72,17.4
1069,Wisconsin,2021,21.63,21.24
1070,Wyoming,2021,22.06,21.17
1071,Alabama,2022,18.5,18.94
1072,Alaska,2022,25,26.04
1073,Arizona,2022,21.77,22.0
1074,Arkansas,2022,17.92,19.32
1075,California,2022,23.91,23.33
1076,Colorado,2022,24.16,23.09
1077,Connecticut,2022,24.9,23.09
1078,Delaware,2022,22.67,22.16
1079,District of Columbia,2022,39.87,23.83
1080,Florida,2022,19.62,19.97
1081,Georgia,2022,20.62,21.67
1082,Hawaii,2022,23.35,22.34
1083,Idaho,2022,19.26,21.82
1084,Illinois,2022,22.83,24.13
1085,Indiana,2022,20.24,22.13
1086,Iowa,2022,21.32,22.03
1087,Kansas,2022,20.13,21.36
1088,Kentucky,2022,19.32,21.12
1089,Louisiana,2022,18.74,19.34
1090,Maine,2022,21.84,20.97
1091,Maryland,2022,24.72,22.99
1092,Massachusetts,2022,28.1,23.66
1093,Michigan,2022,21.88,21.19
1094,Minnesota,2022,23.44,23.84
1095,Mississippi,2022,17.36,20.64
1096,Missouri,2022,20.34,21.3
1097,Montana,2022,20.29,21.52
1098,Nebraska,2022,21.2,25.38
1099,Nevada,2022,19.62,21.59
1100,New Hampshire,2022,23.04,21.76
1101,New Jersey,2022,24.56,25.2
1102,New Mexico,2022,19.19,20.23
1103,New York,2022,25.23,24.59
1104,North Carolina,2022,20.1,20.01
1105,North Dakota,2022,22.79,25.45
1106,Ohio,2022,21.52,21.81
1107,Oklahoma,2022,18.8,20.28
1108,Oregon,2022,22.97,23.07
1109,Pennsylvania,2022,22.02,21.54
1110,Rhode Island,2022,23.73,22.8
1111,South Carolina,2022,18.69,20.11
1112,South Dakota,2022,19.17,21.13
1113,Tennessee,2022,19.2,21.26
1114,Texas,2022,20.9,21.14
1115,Utah,2022,21.38,22.81
1116,Vermont,2022,22.75,20.97
1117,Virginia,2022,23.22,20.72
1118,Washington,2022,27.08,25.81
1119,West Virginia,2022,18.16,18.85
1120,Wisconsin,2022,21.95,21.9
1121,Wyoming,2022,21.85,21.42
